Processing report for file NCBI37.3.gene.loc 


Genes on assembly missing from gene_info:

id	chr	start	stop	strand
101927589	1	92224	133748	-
101929192	1	446168	459929	+
101929209	1	462424	471009	+
101928706	1	670970	672114	-
101060494	1	674381	676182	-
101928801	1	856660	859125	-
101929103	1	1284829	1288669	-
101928920	1	1658824	1662074	-
101929017	1	2072523	2076718	-
100133445	1	2487208	2488450	-
101929067	1	2594829	2598393	-
101928723	1	6161847	6165323	-
100996592	1	6843952	6845040	-
101929158	1	11128149	11132267	+
101929136	1	11159584	11162157	+
729368	1	13108838	13112680	-
401940	1	13328196	13331692	-
100132443	1	13351452	13354407	+
391001	1	13521963	13526943	+
729516	1	13607700	13610549	-
645399	1	13632314	13635299	+
101928486	1	15850705	15851287	+
101927507	1	16542402	16544619	-
101927639	1	16991954	16996609	+
101927778	1	17063845	17068500	-
101927753	1	17066648	17079298	+
101928613	1	17215033	17222476	-
101927930	1	19585977	19589073	-
101928681	1	26372386	26375548	+
101928265	1	26492199	26495073	-
101928763	1	29198831	29237650	-
101929487	1	39506806	39513682	+
101929323	1	42928953	42975817	+
101929673	1	47050098	47063346	+
101929699	1	48726225	48730486	-
101929737	1	53753127	53755424	+
101929757	1	57289352	57292593	-
101927065	1	64954055	64971701	-
101927106	1	65459127	65533434	-
101927458	1	81771825	81880069	+
101927611	1	84587925	84642691	-
101927633	1	84743081	84763964	-
101927656	1	84920538	84932295	-
101927773	1	85062206	85086743	-
101927933	1	90229104	90235457	+
100505940	1	94798869	94800362	+
101928400	1	103821641	103835796	-
101928585	1	110295836	110318174	+
101928619	1	110741117	110744824	+
101928754	1	112715822	112720236	-
101928822	1	114354977	114361461	+
100996427	1	142834448	142854634	+
101928315	1	143378827	143403383	+
26856	1	143647014	143647177	-
100130000	1	143687130	143714180	+
100286793	1	143718513	143744587	-
100996473	1	143740636	143744310	+
101928050	1	144146788	144168570	+
101929362	1	144276182	144287587	-
101929603	1	144294159	144301546	+
730256	1	144339565	144340635	+
101929430	1	144456390	144467825	-
101929629	1	144474398	144481775	+
728875	1	144480744	144521969	-
101929455	1	144593695	144622121	+
728932	1	145883858	145924049	+
728939	1	145924388	145942619	-
100189521	1	145941579	145941649	+
101929611	1	145979178	145980161	-
100421282	1	146011088	146024377	+
767852	1	146059806	146060584	+
100289252	1	146076509	146080231	+
100506011	1	146093195	146093860	+
101929171	1	146136073	146138395	-
100509195	1	146139081	146158452	-
101929075	1	146515929	146519787	-
100505794	1	146644383	146646291	+
100312957	1	147511004	147511167	-
101060289	1	147520911	147528015	-
728912	1	147574323	147624601	-
101929257	1	147677905	147680227	-
101929292	1	147680913	147700279	-
101929438	1	147874581	147898245	+
100996555	1	147899645	147904683	+
100133183	1	147907427	147909217	+
101929383	1	147929344	147931855	+
164022	1	147954760	147955419	-
767854	1	148574410	148575188	-
101927312	1	148737182	148742620	-
728936	1	148739442	148758311	+
101929502	1	148760500	148765866	-
101059923	1	148853582	148854411	+
100302292	1	149125598	149154987	-
101929561	1	149224195	149231798	+
101060793	1	149615755	149623156	-
101927545	1	149629728	149641272	+
101927520	1	149636130	149637719	+
101927649	1	149673071	149673650	-
101927909	1	151683687	151687036	+
101927929	1	151763298	151766878	+
101927970	1	152161295	152186773	+
101928155	1	155170408	155175283	+
101928229	1	158065849	158070052	+
101928319	1	160254134	160261126	+
101928341	1	160501605	160502513	-
101928802	1	178451192	178455854	-
101929044	1	184638503	184641694	-
100652834	1	191827837	191836090	-
101929275	1	200938514	200941658	-
101926929	1	202596597	202608980	-
101059976	1	205781868	205784362	+
101929385	1	207978637	207996048	-
100506899	1	209145799	209148652	+
101929499	1	211813037	211827964	+
101929666	1	219391884	219414633	+
101929648	1	219395597	219398850	-
101929689	1	219608500	219610532	-
100422394	1	223741880	223742862	-
101060626	1	224116416	224223138	-
101927054	1	224141399	224170736	-
100288102	1	224170734	224180346	-
101927185	1	224548440	224566764	-
101927203	1	226234273	226249771	-
101927223	1	226334736	226342341	+
728728	1	228154712	228156408	+
100996603	1	228160168	228160981	+
101927384	1	228382404	228385606	+
101927576	1	231004800	231010538	+
101927626	1	231662852	231664362	-
101927925	1	236699462	236700338	-
101927977	1	240928860	240939163	+
101929564	10	1717273	1720525	-
101927848	10	3170554	3172003	-
101927946	10	4067146	4070586	+
101928027	10	4932064	4975518	+
101928130	10	6629788	6650328	+
101928171	10	7640181	7642535	-
101928197	10	7850333	7860326	-
100507213	10	11606123	11615495	-
283070	10	12875133	12877545	+
101928497	10	13709366	13712398	+
101928562	10	15045407	15050353	-
101928623	10	15239827	15249164	-
101928655	10	15404779	15410614	+
101928757	10	17851251	17953180	+
101928799	10	18041242	18085689	+
101928970	10	22843433	22844165	-
101928997	10	24823817	24846454	-
101929149	10	27255553	27264908	-
101929332	10	31012148	31012669	+
100996668	10	31644073	31647488	+
221016	10	32735041	32863492	+
101929711	10	37554244	37557577	-
101929740	10	38407896	38409126	+
653129	10	46550123	46641021	-
728603	10	46657136	46675734	-
728608	10	46717127	46733199	-
728053	10	46737612	46762892	-
414209	10	46772794	46778894	+
643587	10	46775417	46791512	-
728127	10	47191765	47214915	-
414216	10	47225563	47243511	-
100133189	10	47270681	47273487	-
101927643	10	47311390	47312879	-
414155	10	47741564	47744825	+
244	10	47746816	47763041	+
55747	10	47894023	47949417	+
389963	10	47965760	47967028	+
653365	10	48001709	48050538	-
101059968	10	48171576	48173262	-
728725	10	48173345	48175106	-
101929166	10	48198269	48208657	+
100381203	10	48962451	48968666	+
728813	10	48963054	48966662	+
101929311	10	49020333	49021821	-
338598	10	49087398	49094514	+
653450	10	51187942	51192032	+
728404	10	51224667	51262116	-
101928544	10	51315000	51345829	-
653252	10	51371396	51734455	+
100506785	10	51642387	51707663	+
100271629	10	51654908	51655375	-
101928665	10	51823707	51827610	-
101928024	10	52383341	52385261	-
101928938	10	68811821	68814776	+
101929061	10	72698849	72703901	+
101929189	10	77039659	77043136	-
101929370	10	80285087	80311112	+
101929525	10	81422912	81428393	-
101929706	10	89624306	89637891	+
101927063	10	96986469	96990901	-
101927104	10	97648043	97667634	-
101927083	10	97780957	97782471	-
101927137	10	99456746	99480464	+
101927218	10	99627889	99631316	+
101927255	10	100011473	100016220	+
101927371	10	101689193	101690753	-
101927731	10	119197054	119214097	+
101927749	10	132079241	132081609	-
101927515	10	134192301	134195010	+
101927270	11	137902	180400	-
101927373	11	697610	706667	-
100506518	11	777577	784298	+
101927462	11	1010627	1012240	+
101927530	11	1212767	1222364	+
101927645	11	1996259	1999728	+
101927733	11	4010172	4028780	+
101927800	11	5612237	5646154	-
100506238	11	7244164	7252109	+
101927894	11	7447197	7449276	-
101928029	11	10834565	10848312	-
100996618	11	13299527	13300980	+
401676	11	14402953	14463271	+
101928213	11	17866620	17868260	-
101928260	11	27238586	27240282	-
101928289	11	27426228	27445575	+
101928410	11	32473652	32479651	+
101929334	11	58830367	58832287	+
101927386	11	59971713	59976258	-
101927427	11	61267233	61274121	+
101927738	11	64187845	64188529	+
101927968	11	65792852	65819847	+
101928090	11	66232906	66234025	-
101929403	11	66840688	66886006	-
101060001	11	67703029	67703398	+
100132261	11	67722755	67723540	-
101928262	11	69184486	69187280	+
100996515	11	69471904	69474169	-
101928528	11	71229762	71234242	+
101928648	11	74409389	74409904	-
101928749	11	76092360	76093706	+
101928921	11	78804344	78808890	+
101929137	11	87083837	87612350	+
101929493	11	89681558	89682216	+
729466	11	93268590	93281028	+
100128522	11	93723842	93724688	-
101928586	11	108791968	108794663	-
101926891	11	110154820	110161139	+
101928620	11	111267523	111270099	-
101928644	11	111337465	111344148	+
101928666	11	111384768	111397480	-
101928690	11	111565738	111570194	-
100506870	11	112160924	112162502	+
101928774	11	112236297	112237712	+
101928916	11	114128335	114141261	+
101929039	11	117546867	117553141	-
101929062	11	117877514	117885456	-
101929115	11	118309752	118320726	+
100507165	11	121899033	121903087	-
101929361	11	124958383	124960412	+
100996646	11	130238789	130272561	+
101929449	12	1194178	1194842	-
101927850	12	7305989	7310078	+
101928054	12	9811163	9814677	+
100506226	12	10928474	10930043	+
101928186	12	11840450	11846233	+
101928224	12	12202798	12208717	+
101929220	12	12856300	12870735	+
101928412	12	22477313	22478866	-
101928759	12	29324305	29325046	-
101928800	12	29565387	29576164	-
101060088	12	31375335	31376010	-
101927116	12	47642065	47651692	+
101927135	12	47808745	47813962	+
101927370	12	51150652	51151374	+
728503	12	52238457	52263176	+
100509541	12	52477734	52486069	+
101929405	12	55310535	55311181	-
101927719	12	62876129	62878722	-
101927742	12	65174560	65212658	+
101927810	12	66267592	66275382	-
101927981	12	68825622	68845449	-
101928086	12	70636086	70637140	-
101928116	12	73509859	73522943	-
101928157	12	75628520	75644789	+
101928181	12	75728439	75734860	-
100507498	12	78720460	78753526	-
101928252	12	79893802	79894530	-
101928294	12	80328722	80334313	+
101928367	12	80524305	80525599	+
101928541	12	88621351	88627051	+
101928753	12	94671534	94674272	-
101928779	12	95809775	95836242	-
100505645	12	96196875	96217092	+
101928830	12	96396849	96405482	+
101928871	12	96883355	96948746	+
101929187	12	108230231	108232102	-
101928456	12	114843448	114845973	+
101928199	12	115748572	115759237	-
101928498	12	120554453	120556800	+
101927491	12	126650821	126651687	+
101927710	12	130336758	130339489	-
101928629	12	132981676	133040160	+
101928485	12	133307775	133310592	-
101060196	12	133548936	133559243	-
100507583	13	21286771	21287261	+
101927298	13	23165669	23244686	+
101928839	13	24079408	24079783	+
101928867	13	25323159	25326540	+
101928898	13	25498811	25500622	-
101928980	13	30726023	30733758	-
101929197	13	44680227	44682784	-
101929281	13	45955620	45956332	+
101929368	13	47079770	47089323	-
101929389	13	48400393	48481270	-
101929434	13	48963807	48975592	-
100996412	13	49078536	49081067	-
101929481	13	50963223	51228211	+
101929503	13	51289533	51297285	+
101929522	13	52348192	52350395	+
100506859	13	52610833	52637188	-
101926912	13	60269087	60270478	-
101927103	13	74495108	74514394	+
100652869	13	95364427	95365966	-
101927361	13	97798993	97799747	+
101927883	13	100630255	100633913	+
100996276	13	101325513	101328988	+
101927695	13	110684567	110781330	-
100996267	13	111597825	111623941	-
440157	14	19684124	19687542	+
101929616	14	19890910	19895142	-
101929755	14	22574078	22964933	-
101926914	14	23292073	23299091	-
101927011	14	24494800	24501079	+
101059952	14	37116294	37118871	+
101927291	14	37125313	37126387	+
101059957	14	38218128	38311833	+
101927395	14	45257102	45267653	-
101927444	14	45858244	45859853	-
100506499	14	50474031	50506602	-
101927570	14	51556704	51558006	+
101927819	14	64995063	65007113	-
101927899	14	67456866	67476460	-
101928206	14	74079276	74080290	+
101928293	14	74180343	74185387	-
101926998	14	77624510	77645583	-
101928431	14	81571555	81632593	-
101928712	14	86401031	86473957	+
101928740	14	86497508	86508183	+
100506792	14	90095265	90097910	-
101928883	14	91163702	91165718	+
101928935	14	91842467	91851173	-
101929033	14	94407481	94410454	+
101929055	14	95060548	95065278	-
101929186	14	96554220	96560128	+
101929345	14	101430091	101438677	+
101929392	14	101453025	101456250	+
101929443	14	101798853	101800690	-
101929462	14	101800997	101822649	-
100653021	14	102298038	102302914	+
100288144	14	105057201	105058840	-
100996409	14	105186660	105187817	+
101929695	14	105861128	105864484	+
101927005	15	21031514	21036381	-
101926972	15	21224717	21226180	+
100422906	15	22049274	22049348	+
440233	15	23405421	23414193	-
100996650	15	23566683	23569654	+
100996659	15	28809703	28812251	-
101929283	15	28947187	28950620	+
100289637	15	30375164	30376856	+
101927852	15	30382213	30385615	-
101927724	15	30832881	30839277	+
101929764	15	32634385	32637212	-
101927956	15	32685070	32691255	+
101926927	15	33009361	33011202	-
101928245	15	39480639	39486510	-
145663	15	45670898	45672321	+
101928828	15	61927631	61945596	-
101929016	15	64921809	64926948	-
101929042	15	65009580	65028731	-
101929102	15	69351673	69363692	+
101929252	15	74200604	74204581	-
101929303	15	74509563	74513898	+
101929354	15	74894651	74896713	-
101929376	15	75551079	75551932	+
101929509	15	78218487	78219028	-
100133746	15	80728619	80737345	-
101929632	15	81291670	81294157	+
101929714	15	82452590	82456542	+
388147	15	82664415	82665118	-
440297	15	82753447	82769399	+
400419	15	82894415	82924276	+
643696	15	82932329	82939197	-
100133144	15	83023773	83084733	+
101927658	15	83086408	83107878	+
101927706	15	83113806	83123481	+
101927747	15	83144361	83182977	-
101927784	15	83188579	83195246	+
100216541	15	83198606	83201760	-
100505503	15	83205504	83215062	-
101927893	15	84949689	84952720	+
101929641	15	85857854	85873452	-
101929656	15	86048311	86069435	-
101929724	15	88402982	88413314	-
100507166	15	93013463	93014796	-
400454	15	93749301	93751271	+
100996663	15	93960077	93965806	-
101927091	15	94607604	94613781	-
101927214	15	96533769	96795439	+
101927192	15	96645396	96677840	-
145757	15	101400664	101414195	+
101927662	15	102298552	102300270	+
101927594	15	102302601	102312212	+
100507569	15	102519647	102520216	-
100506943	16	60633	61204	+
100996484	16	437583	438041	+
101929183	16	609471	611770	-
101929253	16	677967	680741	+
101929365	16	698482	699313	-
101929409	16	950534	953691	-
101929458	16	1654416	1660329	+
101929501	16	1939115	1940435	+
101929668	16	3102126	3104777	-
101929751	16	3725411	3727054	+
440337	16	6427744	6429676	+
101927071	16	11442000	11443177	-
388210	16	11465872	11485646	-
101929274	16	11486639	11493128	-
101927114	16	11498569	11505179	-
101927205	16	11595972	11608315	-
101927287	16	13568070	13656776	+
101927428	16	14906940	14915033	-
101927791	16	20715166	20730794	-
101927875	16	24484130	24506498	-
101929366	16	28623404	28626899	-
101928501	16	28649208	28655508	+
100996309	16	29260101	29260639	+
101928852	16	31801213	31806122	+
100289290	16	32063146	32063697	+
100652752	16	32163432	32187519	-
101060132	16	33070187	33071729	-
101060137	16	33572267	33574025	-
101059930	16	34723604	34724629	+
101928365	16	35138954	35144877	-
101927175	16	48420965	48481293	-
101927194	16	48634071	48634659	+
101927508	16	56217638	56220218	-
400539	16	66513015	66519741	-
101927792	16	66785655	66788646	+
101927816	16	66934321	66940826	-
101927938	16	72061839	72078515	-
101928178	16	75406189	75425406	-
101928342	16	81772679	81774192	+
100129637	16	87731752	87736623	-
100996479	16	88255093	88255559	+
101927838	16	89334512	89339671	+
101927939	16	90239600	90253131	+
101927754	17	1642074	1645526	+
101929032	17	3274116	3280996	+
101928019	17	5436903	5441661	+
101928083	17	6540057	6543769	-
101928179	17	7982810	7984883	+
101928204	17	8463780	8464283	+
101928325	17	10781687	10784212	+
101928503	17	15468796	15469663	-
101928660	17	17104309	17121585	+
140776	17	17322658	17326728	+
101928729	17	18283156	18292298	-
101928787	17	18854938	18857462	-
101060602	17	19482870	19537138	+
101928974	17	21044904	21047526	-
101926932	17	25994759	25999842	-
101060106	17	26595835	26596683	-
101927037	17	28878967	28880800	+
646021	17	29329105	29361396	+
101927177	17	31204574	31206047	+
101927290	17	33568343	33569935	-
101927569	17	34598048	34603454	+
654341	17	34797174	34808184	-
101929513	17	36700813	36703974	-
101929533	17	36859725	36863196	-
100996729	17	39471901	39487845	+
100507656	17	40190250	40202640	-
101926920	17	41294661	41295963	-
101926902	17	41304080	41315029	+
101927036	17	43324639	43325370	-
101929001	17	43630997	43662767	-
101929046	17	45699134	45727612	-
101927122	17	45940708	45942556	+
101929078	17	46173676	46179325	+
101927148	17	46371622	46385037	+
100506373	17	46781855	46784708	+
101927443	17	54331471	54335720	+
101927408	17	54569505	54588919	+
101927471	17	55149610	55162394	-
645460	17	56066399	56072989	-
100996354	17	56197793	56220688	-
100506882	17	58498569	58499856	-
101929277	17	62896660	62904048	-
101927941	17	62923244	62930678	+
101929306	17	65027422	65029517	+
100996368	17	65240075	65241925	+
101928074	17	65372694	65373980	+
101928375	17	73028662	73031466	+
100996264	17	74647714	74648095	-
101928538	17	74852166	74857918	+
100507520	17	79361922	79366747	-
101929725	17	80314560	80319555	+
100506043	17	80804828	80805462	+
101929597	17	80899367	80900016	+
101929568	17	80904869	80907983	-
100505543	17|NT_113930.1	33833	37005	+
100652737	17|NT_113930.1	69813	74937	+
101927061	18	3255949	3261822	-
101927208	18	7589167	7605167	-
101927231	18	8635660	8636346	-
100421587	18	10723817	10789351	-
101927582	18	13203770	13216366	-
101927607	18	14227667	14337401	+
101927781	18	33017519	33027506	-
100506837	18	35193197	35196435	+
101928023	18	43015130	43029501	-
101927251	18	52998467	53005811	-
100130938	18	59273301	59278722	-
101927453	18	66567018	66569492	-
101927537	18	69504238	69538024	+
101927677	18	74692680	74696133	+
101928018	18	76413851	76418276	-
101928308	19	182638	195878	-
101928379	19	208018	223642	-
101928518	19	1748159	1748744	+
100421552	19	2013533	2015231	-
101928686	19	3463532	3469215	+
101928732	19	4684829	4685617	+
101928900	19	6191271	6199583	-
101928925	19	6210390	6212936	-
100996405	19	7224280	7226049	-
101929024	19	7652469	7657411	+
101929063	19	8602104	8610993	+
101928396	19	11562141	11564754	-
101928434	19	11670210	11686382	+
101928664	19	12490262	12497061	-
100507353	19	13629789	13631071	-
101928772	19	14042000	14043002	-
101928805	19	14258549	14260355	-
101928874	19	15414226	15436036	+
100996403	19	16090615	16109825	-
101929300	19	16129616	16131193	+
101928901	19	16683407	16689680	+
100288623	19	20507232	20520766	-
100423024	19	20579240	20579322	-
101929394	19	21458719	21474134	-
101928983	19	21635227	21647008	-
101929037	19	22934985	22937671	-
101927170	19	28392089	28447623	+
94023	19	31640783	31641313	+
101927232	19	31669680	31698496	+
101927299	19	32413720	32433238	-
101927341	19	32458188	32516709	-
101929327	19	33281852	33318288	+
101929393	19	35326689	35330715	+
101927485	19	35629674	35630484	-
100507342	19	37808803	37815826	+
101927758	19	38187267	38188908	-
101929424	19	39346176	39346912	+
101929205	19	40578899	40580206	-
101928003	19	43026144	43030018	+
100996469	19	46151340	46152288	-
101928267	19	49310338	49313619	+
101928320	19	49915372	49918988	-
101928432	19	50578359	50579159	+
101928490	19	51312136	51316027	+
101928542	19	52342820	52346564	-
101928641	19	53157427	53193796	-
101929546	19	53220938	53221882	-
101929233	19	53416976	53417651	-
101929262	19	53421235	53425002	-
100422611	19	54817018	54822154	-
101928843	19	55940114	55944362	-
101928968	19	56832517	56852393	+
101929020	19	57056944	57079407	-
101929096	19	58896057	58898535	+
101929177	19	59099416	59102292	+
100133046	19|NT_113949.1	7865	19915	+
100287534	19|NT_113949.1	46646	68123	+
727787	19|NT_113949.1	147628	156334	+
100996626	1|NT_113878.1	29651	33288	+
100996657	1|NT_113878.1	34630	50264	-
101927426	2	1407131	1417213	+
101927466	2	1708632	1712533	-
101927578	2	3452020	3457705	+
100506014	2	3579403	3580960	-
101060120	2	6123066	6123593	+
100506216	2	6789239	6790635	-
101929606	2	8815880	8818792	-
101926919	2	12147258	12718474	+
101928129	2	16572479	16613837	+
101929195	2	21267331	21268479	+
101928479	2	23621423	23622005	+
101929456	2	31366725	31371824	-
101929477	2	31990127	31990999	-
101929500	2	36600718	36606413	+
101929649	2	40762046	40772522	+
100506088	2	45157116	45162790	-
101927144	2	54278167	54307484	+
101928647	2	56410328	56411455	+
101927261	2	58134733	58260844	+
101928680	2	58268028	58274611	-
101927684	2	67548937	67552264	-
101927803	2	73181242	73193366	+
101927826	2	73499412	73511556	-
101928878	2	74340518	74341028	+
101928082	2	85646054	85652449	+
101928133	2	86831130	86845889	+
101928427	2	89108803	89113964	+
101928457	2	89160739	89309519	+
101060169	2	91634689	91636392	-
101926988	2	91960844	91963274	+
100652780	2	95618645	95619351	-
101926937	2	95689394	95692488	-
100996535	2	97202598	97203965	+
101927625	2	97533622	97536476	+
101927110	2	99923806	99939243	+
101927271	2	101804501	101869322	-
101927246	2	101876490	101877710	-
101927564	2	109683731	109686256	-
101927306	2	112369476	112372164	-
101927382	2	114025618	114034158	+
101927463	2	114297762	114299249	-
101927517	2	114476810	114492155	+
101927563	2	114619117	114634730	-
101927614	2	118592932	118595002	+
101927734	2	120234205	120244922	+
101927860	2	128317620	128328537	-
101928657	2	128642710	128644761	+
101928299	2	138765299	138911471	-
101928339	2	139049463	139062996	-
101928411	2	145220935	145221581	-
101929336	2	152342791	152354729	+
101929553	2	163175333	163176595	+
101929658	2	165815826	165947690	+
100996260	2	168419355	168420745	+
101926931	2	173330399	173361178	-
100506923	2	186084378	186085119	+
101927315	2	191510607	191513430	-
101927336	2	191895698	191897040	+
100506993	2	193508828	193510113	-
101927567	2	198090092	198095300	-
101927665	2	200528660	200532139	-
101927887	2	208104013	208119127	-
101927912	2	208733306	208734654	-
101927991	2	209689050	209719048	+
101928060	2	211189403	211307285	+
101928305	2	217731055	217732573	-
101928374	2	218851520	218858132	+
101928568	2	220288994	220294667	-
101928662	2	221745006	221802055	-
101928789	2	231067836	231078941	+
101928854	2	233630605	233636520	+
101928975	2	233741128	233743405	+
101927831	2	234662966	234664406	-
101927470	2	241906941	241931944	+
101927206	2	242749407	242751734	-
101927349	2	242909140	242910397	+
101927407	2	243168525	243169679	-
101927001	20	1747436	1751585	-
101927033	20	3132363	3133095	-
101929155	20	4100589	4124835	+
100505651	20	22197692	22213906	+
100996695	20	25815509	25817916	-
101928102	20	29521036	29524617	-
101928209	20	30311094	30321707	+
101929636	20	30615556	30619378	-
100996873	20	30940478	30945985	-
101929671	20	31124851	31129752	+
101928239	20	31494717	31519184	+
101928282	20	31546307	31549415	+
101926916	20	32844859	32848960	-
101927014	20	36572685	36573752	+
101928321	20	37005789	37007918	-
101928356	20	37060650	37065351	+
101927294	20	44033443	44035073	-
101927326	20	44076042	44077221	+
100505983	20	46579543	46580799	+
101927744	20	52136246	52142297	-
101927820	20	55841853	55858054	+
101927842	20	56130114	56134053	-
100996602	20	56532182	56534716	-
101928097	20	60512290	60514708	+
400850	20	60807016	60811355	+
100505735	20	61265124	61267214	+
100132043	20	62446610	62447885	+
101059960	20	62507239	62508609	+
101927425	21	9663781	9677575	+
101926954	21	11015038	11049525	-
100422890	21	15017096	15017171	-
101927669	21	15095912	15097393	+
54094	21	15215454	15220685	-
100996622	21	15282752	15306238	-
101927771	21	18003271	18012654	+
101928011	21	29803432	29818789	-
101928240	21	36255953	36257349	+
101928210	21	36259508	36261972	-
257357	21	40685861	40686888	-
101928889	21	44007263	44013382	-
100996619	21	44338526	44385316	-
101928493	21	45179247	45182178	+
101928533	21	45602680	45605112	+
101928717	21	46922427	46924282	-
101060037	21	47611880	47614031	-
101928862	21	47649438	47655367	+
101929674	22	17038541	17040340	+
101929396	22	18358639	18360635	+
101929537	22	18852855	18858458	-
100996369	22	18973221	18973952	+
100506454	22	18985619	19018742	+
101929600	22	19316077	19321238	+
729444	22	20325590	20350461	+
101929652	22	20398731	20402160	-
101928691	22	20632127	20639216	-
101060025	22	21052811	21053653	+
101927985	22	21539113	21540293	+
101929399	22	24498013	24499317	+
101929416	22	25675003	25679061	-
101929474	22	25815189	25817883	-
101926970	22	36281720	36285698	-
101927035	22	37735624	37781323	-
101927099	22	38382169	38422353	+
100131530	22	38382177	38384160	+
101927161	22	38783989	38798117	+
101927302	22	42092273	42094140	+
101927622	22	47080307	47082718	-
101927775	22	49808173	49834865	-
101927799	22	50008148	50009364	-
90834	22	50171538	50173958	-
101928756	22	50871558	50873278	-
101928825	22	51031030	51036028	+
100506917	22	51174257	51176530	-
101927236	3	3869148	4004780	-
101927674	3	15935618	15988659	+
101927725	3	16004118	16007294	+
100505786	3	17784453	17787154	+
101929587	3	18486105	18507472	+
101929642	3	27151574	27248142	-
100505992	3	30030581	30031076	+
101928056	3	32027806	32043778	+
389102	3	32857842	32858852	-
101928187	3	37734911	37796601	-
101928458	3	44045118	44153143	+
101928838	3	49022918	49027169	-
101928965	3	50402787	50405628	+
101929702	3	52042111	52056099	+
101929029	3	52273274	52275113	+
101929731	3	53080642	53098975	+
101929119	3	53304038	53327953	+
101929182	3	58148274	58156346	-
101929223	3	58457382	58470472	+
101929296	3	61607730	61609382	+
101927090	3	67878762	67890663	-
101927128	3	69383044	69385737	-
101927173	3	71617014	71620263	+
101927593	3	71629972	71633189	+
101929514	3	106142118	106146770	-
101929562	3	106558417	106562168	-
101929659	3	112065553	112070606	-
101929734	3	113933238	113952489	+
101927028	3	123411705	123431579	+
644662	3	126006603	126010368	+
101929358	3	126581495	126584558	+
101927266	3	129100010	129108279	+
101927316	3	129831644	129839412	+
101927338	3	130982177	130983573	-
101927368	3	131246000	131283567	+
101927409	3	133103168	133131725	-
101927716	3	137766643	137767997	-
101929391	3	139301731	139302717	-
101928061	3	150283602	150321019	-
101928328	3	158478081	158497844	+
101928430	3	165208988	165215766	+
101928488	3	167582657	167595523	+
100996456	3	167584294	167588104	-
101928515	3	167596732	167611365	+
101928615	3	171899635	171905083	+
101928640	3	173830577	173852532	-
101929571	3	178984519	179042846	+
101928934	3	183005393	183016292	+
101928956	3	184433631	184452022	+
100505710	3	184455340	184456733	+
730139	3	186542096	186543433	-
101929175	3	191749998	191754190	+
101929213	3	193364985	193388664	-
100505902	3	193727749	193788698	-
100507033	3	194217046	194222067	-
101929720	3	195941222	195946603	-
100507595	3	196367109	196367753	+
101927047	3	197903276	197904190	+
101927077	3	197941062	197942994	+
101928452	4	124605	125145	-
101928746	4	206686	207717	-
101928494	4	656160	657552	-
101928676	4	1291517	1294439	+
101928558	4	1546654	1551714	+
100507054	4	1575789	1582243	-
101928329	4	5044282	5046959	-
100507376	4	6672455	6675646	-
101928803	4	9133049	9154399	-
101928910	4	9203283	9205094	-
101928798	4	39444593	39448547	-
101927240	4	40651063	40701376	+
101927276	4	41195529	41200787	+
101927095	4	42708124	42709348	+
101927133	4	47469533	47472496	+
101927317	4	49205071	49281283	-
101060532	4	49488949	49491318	-
101928785	4	57488939	57492380	+
100420694	4	69049802	69051947	-
727738	4	75480627	75490485	+
100505946	4	76007135	76009918	-
101928835	4	77949782	77962353	-
101928918	4	80517696	80518327	+
101928987	4	82523888	82966116	-
101929041	4	86568648	86580214	+
101929015	4	86703436	86712623	-
101929118	4	89205833	89252573	+
101929271	4	100175090	100196208	+
101929324	4	100929070	100958871	+
101929375	4	103245551	103246143	-
101929491	4	106058618	106061725	-
101929508	4	106822034	106832511	+
101929676	4	119512950	119526901	+
101929712	4	119541202	119548345	+
101926894	4	120333678	120341678	-
101926936	4	120362064	120365584	-
100507306	4	120370722	120375784	-
101926979	4	120469709	120473180	+
101927052	4	122313882	122413594	+
101927184	4	129387853	129404687	+
101927544	4	140980139	140984849	+
101927707	4	146678779	146684610	-
101929065	4	149363826	149425473	+
101927965	4	155548097	155621052	+
101928028	4	159790623	159805776	-
101928172	4	169764498	169765886	+
101928198	4	170952925	170954182	-
101928703	4	182896309	183006289	-
101928783	4	184653374	184658726	-
101929169	4	184717814	184719953	+
101928905	4	186017673	186028416	+
554045	4	190940255	190943820	-
101926992	4|NT_113888.1	38427	44300	+
101928884	5	1326317	1329030	+
101929108	5	1931293	1949374	+
101929379	5	10464079	10464945	+
101926921	5	39460972	39462400	-
101928366	5	54575452	54587230	+
101928393	5	55045789	55060127	-
101928713	5	64190135	64206857	-
101929545	5	68912492	68932780	+
101928967	5	69803699	69808890	+
101928949	5	70091661	70149533	+
101929035	5	70830118	70833287	+
101929131	5	77161620	77178317	+
645079	5	81678764	81682343	+
101929299	5	82812087	82815975	-
101929404	5	88317322	88328196	+
101929687	5	94037435	94050628	+
101929729	5	96117543	96121703	+
101926909	5	96513991	96514622	-
101927004	5	109034137	109035578	+
101927212	5	115717912	115748355	+
101927303	5	117846633	117859477	-
101928127	5	117866571	117878154	+
101927705	5	131584600	131631063	-
101927732	5	131758356	131759862	-
101927783	5	132025060	132057275	+
101928192	5	132163314	132167057	-
101927812	5	132298760	132299352	-
100506102	5	132446760	132450167	-
100131361	5	137789445	137789913	-
101926922	5	140700630	140708919	+
101926961	5	141770492	141847352	+
101927031	5	148596086	148656455	-
101927076	5	150257542	150280298	+
101927169	5	153501336	153514839	+
101927675	5	156790390	156792576	-
101927713	5	158466567	158474690	-
101927927	5	168457443	168464986	+
101928115	5	172720130	172721732	-
101928349	5	177476097	177494311	+
101928482	5	179218716	179219972	+
100652782	5	180111766	180113543	+
101928670	5	180722348	180744885	+
100286914	5	180755997	180766476	+
101927782	6	3456399	3469138	+
101927867	6	3832189	3834130	+
101927319	6	5218476	5240867	-
101928124	6	10511133	10514779	-
100506379	6	10746654	10747969	-
101928218	6	11134870	11138971	+
101928281	6	12295926	12314628	-
101928642	6	25015199	25036372	-
101928699	6	25328350	25452329	-
101928771	6	26376488	26378545	+
100996326	6	26866058	26868636	+
101928873	6	27356530	27357532	+
100996513	6	27794150	27795589	+
101928950	6	28416341	28457318	-
100653005	6	33878879	33885985	+
101929263	6	35118455	35131435	+
101929346	6	36057309	36059239	+
100505550	6	37511329	37514538	-
101929515	6	40325348	40337213	-
101927456	6	41727004	41733732	+
101929618	6	42674742	42686980	+
101929661	6	43420917	43422476	+
101929683	6	44041650	44045689	+
100505862	6	44513903	44519618	-
101926999	6	49644599	49655826	-
101926976	6	49645556	49683058	+
101928330	6	69430419	69460865	-
100507172	6	71122531	71127350	-
100507367	6	72017644	72020935	-
387097	6	73983862	74020088	-
100506908	6	84695149	84697911	+
101928958	6	89372192	89380625	+
101059950	6	89711227	89711368	+
101927442	6	108027961	108035978	+
100996652	6	111816105	111816916	-
101927794	6	114437285	114500305	+
100506496	6	116575437	116577905	+
101927940	6	118895710	118897993	+
101927959	6	119855085	119871554	+
101928073	6	126066047	126070409	-
101928121	6	127836199	127847199	+
101926939	6	130542900	130704235	-
101928164	6	133756216	133828795	-
101928598	6	146248438	146265473	+
101928683	6	149285845	149290389	+
101928709	6	149539137	149565450	+
100996290	6	153471309	153474005	+
101928899	6	155545577	155554415	-
101929094	6	159528505	159531047	+
101926995	6	160874232	160885356	-
101929276	6	161856015	161867056	+
101929318	6	167358668	167359459	-
101929442	6	169065951	169085161	-
101929569	6	169958421	169959960	-
101929543	6	170064385	170065492	+
100996433	7	302705	304145	+
101927064	7	1583516	1586498	-
100996436	7	2573322	2574033	+
101929113	7	4845369	4849237	+
101927301	7	5736431	5743869	+
101929146	7	6715236	6716263	+
101927743	7	20336247	20340295	+
101927945	7	25632921	25635984	-
101928025	7	26194187	26207583	+
644086	7	29186136	29188293	+
101928310	7	31274134	31275325	+
101928332	7	32762424	32767560	-
101928520	7	35794733	35795421	-
101928575	7	35886428	35887041	-
101928643	7	37791654	37793977	-
101929264	7	39987120	39998539	-
101928821	7	42958713	42960283	+
101928976	7	45809046	45831581	+
101929038	7	45837081	45843847	+
101928285	7	54398498	54407420	+
101060139	7	55811432	55812799	-
101928831	7	56878116	56879491	-
101060239	7	56898034	56899500	-
101060183	7	56899698	56935716	-
100128575	7	57688119	57701686	-
101928654	7	57703463	57704760	-
101929126	7	63205545	63206777	+
101060731	7	63207212	63210713	+
101929246	7	63218806	63220407	+
100996380	7	63225348	63226822	+
101060161	7	63226255	63227355	+
100996402	7	64141511	64147526	+
101929339	7	64169457	64171960	+
101929245	7	64342921	64354294	+
101929381	7	64549852	64601122	+
101060185	7	64973376	64975020	+
100288268	7	65019171	65020541	+
101929414	7	65268342	65274536	+
100419992	7	65306164	65307231	+
101929619	7	66347728	66350069	+
101929647	7	66355376	66358918	+
101929672	7	66367526	66368515	+
389517	7	72490260	72500309	-
389523	7	74422144	74438909	+
653375	7	74765884	74790131	+
441258	7	74967309	74974606	+
101927105	7	75746979	75763550	-
101929496	7	99171262	99174076	+
101927772	7	101461874	101463987	+
101927951	7	105235877	105256399	+
101928117	7	116047583	116073401	-
101928159	7	116712126	116731721	-
101928183	7	123211014	123236427	-
101928606	7	130005491	130006968	-
101928653	7	130507958	130508270	-
646329	7	130565751	130599450	-
101928888	7	135429002	135430071	+
101928939	7	138426906	138428191	-
101928951	7	143579559	143583810	+
100507538	7	147368791	147370236	+
101929009	7	149727880	149732640	+
101929049	7	149734564	149735176	+
101928806	7	150101544	150102563	-
101928914	7	153755299	153756483	-
100131460	7	153759446	153759967	-
401437	7	155174771	155188078	+
101927962	7	158130358	158131634	+
101060081	7|NT_113901.1	79335	82594	+
100507312	7|NT_113901.1	137966	142240	+
100652990	7|NT_113901.1	173951	179071	+
101927535	8	182419	183692	+
101927618	8	564746	577238	-
389607	8	607527	610240	-
101927714	8	1732166	1734736	+
101927836	8	2554055	2585957	-
101059925	8	6970850	6971304	-
101927928	8	7135912	7151476	-
101929100	8	8025408	8046635	-
101929429	8	8095365	8154207	-
101929167	8	9112859	9117803	-
101929313	8	12033208	12034968	+
100996828	8	12036194	12040197	+
101929742	8	12301845	12307125	-
101929092	8	18515937	18530645	+
101929150	8	20082891	20083967	+
101929342	8	24347825	24349653	-
101929585	8	37373924	37378894	-
101929604	8	37455004	37457357	-
101929640	8	39409539	39416019	+
100996474	8	40190692	40191474	-
101929678	8	43055173	43056970	+
101929588	8	48001124	48003296	-
100996352	8	52071616	52072564	-
100996360	8	53484891	53485479	+
100287651	8	55693468	55782670	+
101929436	8	58106149	58121235	+
101929466	8	58122428	58125936	+
101929593	8	62204898	62212673	-
101929610	8	62671659	62678528	-
101060153	8	67025522	67038919	+
101927022	8	80738401	80740011	-
101927085	8	82189107	82194932	-
101929686	8	87355317	87356557	-
101929758	8	90737101	90770191	-
100506351	8	91658595	91663985	+
101927002	8	95961776	95970237	+
100506538	8	95993135	96001883	+
100506558	8	98962943	98964530	+
101927107	8	100014248	100016104	-
101927201	8	103305389	103317171	+
100996457	8	103942723	103990104	+
101927343	8	104246508	104281071	-
101927634	8	126921407	126934602	-
101928534	8	127595022	127595261	-
101927679	8	127601440	127646802	+
101928577	8	128098487	128117086	-
100507101	8	128943921	128944956	+
101928184	8	144840686	144841717	-
101928220	8	144871504	144872698	+
727967	8	145317003	145331185	-
728071	8	145437887	145440962	+
100131992	8	145440975	145443775	-
377711	8	145462465	145485890	+
100129885	8	145490603	145492131	+
101929012	8	145538253	145539583	-
101929051	8	146017988	146028236	-
100132336	8|NT_113907.1	15744	24361	+
100996383	8|NT_113909.1	1758	30258	-
101929228	9	1460210	1475585	+
751816	9	3465047	3465769	+
101929330	9	4298258	4307343	+
101929382	9	5307637	5340884	-
101929489	9	13939892	13942752	-
101929739	9	34701514	34781812	+
101929761	9	34810037	34894669	+
653809	9	39370916	39372036	+
653501	9	39443814	39464526	-
100133160	9	39485392	39485806	+
647069	9	39631025	39632392	+
101927068	9	39722350	39817684	-
642265	9	39884975	39891210	+
100033393	9	40063114	40076067	-
642373	9	40293025	40332661	+
100033394	9	40371834	40384803	-
441402	9	40498821	40633956	-
642545	9	41016328	41030100	+
100422344	9	41031958	41032510	+
100133302	9	41054830	41056158	-
653114	9	41305112	41312131	-
642629	9	41321107	41327397	-
101927448	9	41504853	41514094	-
101927475	9	41600663	41601988	-
101927500	9	41601998	41609420	-
100422341	9	41796843	41797395	-
101927527	9	42357031	42359198	+
100036519	9	42717234	42720342	+
101928407	9	43003239	43004921	-
100132253	9	43318596	43319527	-
100422345	9	43403173	43403725	+
100133300	9	43425619	43427188	-
643860	9	44558961	44560251	+
101927903	9	45440175	45443015	-
548321	9	45727029	45728283	+
100132161	9	45949229	45949802	+
101928930	9	46380445	46383446	+
100287333	9	46385604	46387373	-
643792	9	47298411	47314323	-
101927776	9	65764460	65782036	-
100133295	9	66345261	66346165	+
100419694	9	66358569	66359279	+
101928261	9	66367152	66368798	-
100418978	9	66394460	66395855	-
101928301	9	66398192	66404652	-
101928413	9	66688086	66700058	-
101928480	9	66742300	66759372	+
653394	9	68773919	68809958	-
100996808	9	69080742	69087368	+
100312800	9	69851957	69852491	+
101926991	9	70921444	70945352	+
100996482	9	71599598	71601520	+
101927127	9	74872194	74873400	+
101927398	9	77672310	77690668	+
101929630	9	84562925	84564346	+
101927644	9	90246637	90248355	-
101060123	9	95570828	95571599	+
101927976	9	95824233	95826858	+
101928148	9	98159485	98189074	-
101928170	9	98729816	98776853	+
100996557	9	99449359	99483413	+
101928313	9	100476003	100485212	-
101928360	9	100653305	100656034	-
101928382	9	100764299	100779441	-
286367	9	107536633	107540045	+
101928579	9	107753079	107754043	-
101928826	9	120844617	120845010	+
101928928	9	125628954	125642580	+
101928954	9	125699904	125702612	+
101928986	9	127532402	127536095	+
101929040	9	128300619	128304712	+
101929417	9	132337696	132344940	+
101060175	9	133028161	133072949	+
101927986	9	133708078	133710351	-
101928006	9	135956696	135957286	-
101928038	9	136757339	136760200	-
101928454	9	137328655	137332431	+
101928758	9	139150578	139159990	-
101928581	9	139510298	139519693	-
101928672	9	139956576	139958819	-
101928750	9	140110884	140113813	+
101928897	9	140674759	140676577	-
101928853	9	140703307	140705140	-
100996396	9|NT_113911.1	2261	22438	+
100996390	9|NT_113911.1	24410	27639	-
643845	9|NT_113915.1	20256	21587	+
100132660	9|NT_113915.1	24885	26596	-
100132416	9|NT_113915.1	89313	111315	+
642555	9|NT_113915.1	132892	134312	-
100271840	Un|NT_113923.1	65342	66592	+
101929677	Un|NT_113923.1	107956	138714	-
101927672	Un|NT_113961.1	156302	165855	+
100289121	Un|NT_167210.1	20238	21379	+
101927739	Un|NT_167210.1	67916	69364	+
100289328	Un|NT_167210.1	168694	169923	-
100289260	Un|NT_167210.1	170022	171919	+
101927937	Un|NT_167212.1	44629	45501	-
101928057	Un|NT_167213.1	45401	57412	+
101928348	Un|NT_167214.1	104444	110944	-
101928390	Un|NT_167214.1	110944	122197	-
101928428	Un|NT_167214.1	126120	128945	-
101928511	Un|NT_167214.1	132950	138920	-
101928594	Un|NT_167214.1	154923	156154	+
101928637	Un|NT_167214.1	156084	158819	-
100996418	Un|NT_167215.1	1730	15897	+
101928695	Un|NT_167215.1	4124	5430	-
100287163	Un|NT_167216.1	11683	16831	+
101928966	Un|NT_167216.1	82030	84781	-
101928990	Un|NT_167216.1	94522	95203	-
101929030	Un|NT_167216.1	97626	100211	+
100287195	Un|NT_167216.1	112391	128728	+
101929068	Un|NT_167216.1	131820	134433	+
100287320	Un|NT_167216.1	134568	167756	+
100287348	Un|NT_167216.1	173006	175836	+
100287515	Un|NT_167217.1	5	119697	-
101929139	Un|NT_167217.1	72034	72690	-
90462	Un|NT_167217.1	149772	180451	+
101929317	Un|NT_167218.1	53722	55384	+
100288081	Un|NT_167221.1	31774	32723	-
100288119	Un|NT_167221.1	68095	71860	+
100288255	Un|NT_167222.1	29338	32226	-
100288741	Un|NT_167222.1	43041	43842	-
100288289	Un|NT_167222.1	72933	74364	+
100288325	Un|NT_167222.1	76239	77670	+
100288355	Un|NT_167222.1	79545	80877	+
100288398	Un|NT_167222.1	82851	84282	+
100288433	Un|NT_167222.1	86157	87588	+
100288466	Un|NT_167222.1	89463	90894	+
100288494	Un|NT_167222.1	92769	94200	+
100288523	Un|NT_167222.1	96075	97506	+
100288557	Un|NT_167222.1	99381	100812	+
101927113	Un|NT_167222.1	101284	102057	+
100288593	Un|NT_167222.1	102687	104118	+
100288627	Un|NT_167222.1	105993	107424	+
100288657	Un|NT_167222.1	109299	110631	+
101927146	Un|NT_167222.1	111320	112421	+
100288903	Un|NT_167224.1	17634	22137	-
100289038	Un|NT_167232.1	9317	25569	+
100996283	Un|NT_167236.1	10474	34543	+
100996296	Un|NT_167240.1	12954	13951	+
100996302	Un|NT_167243.1	30546	37420	-
101927130	X	605708	612829	-
100652773	X	970464	970836	-
101928091	X	1485320	1486981	+
101928246	X	6685720	6895202	-
101928275	X	8407910	8423828	+
101928302	X	10865880	11129272	-
170063	X	35937851	36008269	+
101928564	X	36015468	36019848	+
101928593	X	36033017	36053948	+
645090	X	36246896	36403434	+
101928761	X	36737884	36742286	+
441493	X	47693813	47696186	-
643832	X	49160125	49176311	+
101926990	X	50849521	50901526	-
653219	X	52255219	52260363	-
100132222	X	52270056	52270986	+
101060193	X	52380348	52387243	-
100132407	X	52501134	52502058	-
653048	X	52511761	52516905	+
9503	X	52528159	52533303	-
326336	X	52633652	52641091	+
791099	X	52776597	52778432	-
101928194	X	70938858	70940650	+
101928065	X	80618734	80620121	+
101928221	X	102746275	102754771	+
101928258	X	102781619	102785758	-
101928312	X	118384616	118388715	-
101928426	X	123467841	123470707	+
101928549	X	129046529	129047353	+
101805489	X	134382536	134385959	-
100133171	X	140084756	140085871	+
101927918	X	150744160	150746791	+
728461	X	151923686	151928738	+
100287466	X	152217967	152245978	-
100287428	X	152240819	152243402	+
100131652	X	152871911	152875564	+
100507426	X	155258216	155258772	-
101927130	Y	555708	562829	-
100652773	Y	920464	920836	-
101926981	Y	2195129	2206039	+
101928634	Y	5205655	5224283	+
55410	Y	21034387	21040114	-
101928633	Y	22682077	22686313	-
101929168	Y	25581617	25618314	+
101929193	Y	26299557	26303156	+
100507426	Y	59361222	59361778	-


Genes (chr 1-22, X, Y) with multiple locations on assembly:

id	symbol	chr	start	stop	strand
715	C1R	12	7241205	7245043	-
715	C1R	12	7187513	7189412	-
1804	DPP6	7	153584419	154264025	+
1804	DPP6	7	154400205	154685995	+
3635	INPP5D	2	234054795	234116549	+
3635	INPP5D	2	233925036	233995881	+
3800	KIF5C	2	149632792	149686924	+
3800	KIF5C	2	149793796	149883273	+
6011	GRK1	13	114426046	114438637	+
6011	GRK1	13	114321594	114325974	+
10320	IKZF1	7	50344378	50367358	+
10320	IKZF1	7	50444231	50472799	+
22877	MLXIP	12	122611800	122628989	+
22877	MLXIP	12	122516652	122517172	+
23380	SRGAP2	1	206516197	206637783	+
23380	SRGAP2	1	206135293	206135657	-
28996	HIPK2	7	139415730	139477693	-
28996	HIPK2	7	139246316	139342363	-
50614	GALNT9	12	132680917	132690573	-
50614	GALNT9	12	132824460	132905905	-
50802	IGK	2	89156874	89630436	-
50802	IGK	2	89890568	90274235	+
115286	SLC25A26	3	66271149	66429351	+
115286	SLC25A26	3	66119285	66119661	+
117581	TWIST2	2	239756673	239795893	+
117581	TWIST2	2	239831979	239832237	+
149013	NBPF12	1	146373704	146467639	+
149013	NBPF12	1	5292	16127	-
344558	SH3RF3	2	110259067	110262207	+
344558	SH3RF3	2	109745997	110107395	+
641700	ECSCR	5	138837129	138842320	-
641700	ECSCR	5	138784245	138784863	-
653464	SRGAP2C	1	120835810	120838261	-
653464	SRGAP2C	1	121107154	121131061	+


Genes (chr 1-22, X, Y) with mismatched chromosomes:

id	symbol	chr_info	chr_assembly	start	stop	strand
3803	KIR2DL2	19	19|NT_113949.1	21890	36439	+
3806	KIR2DS1	19	19|NT_113949.1	115099	129113	+
3810	KIR2DS5	19	19|NT_113949.1	98112	113132	+
3813	KIR3DS1	19	19|NT_113949.1	70097	84658	+
57292	KIR2DL5A	19	19|NT_113949.1	86691	96155	+
389831	LOC389831	7	7|NT_113901.1	42938	86719	-
100132285	KIR2DS2	19	19|NT_113949.1	131449	145745	+
100287823	LOC100287823	14	Un|NT_167219.1	36289	37628	+
100288687	DUX4	4	Un|NT_167222.1	112605	114676	+
100289097	LOC100289097	20	Un|NT_167235.1	10742	34813	-


Genes (chr 1-22, X, Y) in gene_info not on assembly:

id	symbol	chr
574	BAGE	21
2090	ESA4	11
2097	ESB3	16
2575	GAGE3	X
2576	GAGE4	X
2577	GAGE5	X
2578	GAGE6	X
2579	GAGE7	X
2988	GUK2	1
3121	HLA-DQB3	6
3125	HLA-DRB3	6
3126	HLA-DRB4	6
3808	KIR2DS3	19
4019	LPAL1	6
4228	MER5	19
4447	MSK9	3
4448	MSK10	3
4467	MSK32	3
4473	MSK38	20
4612	MYCLK1	7
4639	MYLL1	8
5182	PEPB	12
5183	PEPC	1
5185	PEPE	17
5558	PRIM2	6
5645	PRSS2	7
5804	PTPRZ2	1
5942	RBMY1C	Y
6264	S7	7
6267	S11	X
6268	S12	X
6395	SEA	11
7254	TSHRL1	1
7255	TSHRL2	8
7256	TSHRL3	10
7624	ZNF73	22
7956	NTT	6
9554	SEC22B	1
26069	DKFZP586B0319	3
26101	DKFZP564M1462	14
26105	DKFZP434C153	1
26106	DKFZP586K1520	2
26107	DKFZP547J0410	5
26120	DKFZP564C152	11
26584	DUX1	10
54729	NKX1-1	4
55390	PRO2268	12
55547	HAB1	7
57413	TMIGD3	1
57876	MUC3B	7
79999	LOC79999	17
85316	BAGE5	13
85317	BAGE4	21
85318	BAGE3	21
125168	RIBIN	22
132250	DAP4C	3
138652	PRSS47	9
140834	C20orf62	20
143286	LOC143286	10
149401	LOC149401	1
150378	FLJ30901	22
152286	LOC152286	3
152956	FLJ12425	4
153682	LOC153682	5
157503	LOC157503	8
157562	LOC157562	8
157860	LOC157860	8
157931	LOC157931	9
158863	LOC158863	X
197387	LOC197387	16
200609	LOC200609	2
200830	LOC200830	3
200860	DKFZp547K1610	3
219688	LOC219688	10
221814	LOC221814	7
222344	LOC222344	10
246318	FLJ13773	17
246724	LOC246724	7
246725	LOC246725	7
252862	LOC252862	7
255042	MGC16723	19
256824	LOC256824	2
257152	LOC257152	8
259291	TAS2R45	12
260404	LOC260404	17
266665	TAS2R33	12
266666	TAS2R36	12
266667	TAS2R37	12
283075	LOC283075	10
283112	LOC283112	11
283270	LOC283270	11
283357	LOC283357	12
283372	FLJ25613	12
283454	LOC283454	12
283475	LOC283475	13
283484	LOC283484	13
283485	LOC283485	13
283516	LOC283516	13
283665	LOC283665	15
283674	LOC283674	15
283713	LOC283713	15
283728	LOC283728	15
283737	LOC283737	15
283745	LOC283745	15
283911	LOC283911	16
284048	LOC284048	17
284108	LOC284108	17
284112	LOC284112	17
284336	LOC284336	19
284513	LOC284513	1
284570	LOC284570	1
284630	LOC284630	1
284669	LOC284669	1
284958	NT5DC4	2
284967	bA395L14.13	2
285173	LOC285173	2
285178	LOC285178	2
285181	LOC285181	2
285299	LOC285299	3
285378	LOC285378	3
285628	LOC285628	5
285690	LOC285690	5
285736	FLJ35700	6
285812	LOC285812	6
285835	LOC285835	6
285957	LOC285957	7
286052	LOC286052	8
286058	LOC286058	8
286063	LOC286063	8
286068	LOC286068	8
286071	LOC286071	8
286087	LOC286087	8
286109	CASC7	8
286121	LOC286121	8
286191	LOC286191	8
286254	LOC286254	9
286272	LOC286272	9
286382	LOC286382	9
317647	FLJ11857	2
338382	RAB7B	1
338620	LOC338620	10
340085	LOC340085	5
340178	LOC340178	6
340335	LOC340335	7
341112	WARSP1	11
346702	PRSS51	8
347715	LOC347715	17
348040	LOC348040	14
348162	LOC348162	16
353138	LEP7	1
388439	FLJ12120	17
388820	LOC388820	21
389036	ACT	2
389405	LOC389405	6
389908	LOC389908	X
390760	LOC390760	17
391230	LOC391230	20
399693	MGC50722	9
399832	DKFZp686M1136	10
399884	LOC399884	11
400863	LOC400863	21
400930	DKFZp547B139	22
401400	LOC401400	7
402036	LOC402036	22
403257	OR4C45	11
414312	C9orf118	9
440047	LOC440047	11
440330	LOC440330	16
440414	TRE17	17
440918	FLJ46875	2
440981	LOC440981	3
441347	LOC441347	8
442695	ZNF722P	7
449519	LOC449519	11
504189	OR8U8	11
504190	OR8U9	11
504191	OR9G9	11
553128	KIR2DL5B	19
554282	FAM72C	1
574037	C1orf134	1
574431	C1orf147	1
619431	FAM85B	8
641314	LINC00594	15
641589	LOC641589	1
642326	CCNYL3	16
642515	LOC642515	9
642574	LOC642574	8
642620	LOC642620	7
642730	LOC642730	8
642891	CHL1-AS2	3
643479	FAM25E	10
643520	LOC643520	9
643936	LOC643936	6
644058	LOC644058	6
644070	LOC644070	17
644215	LOC644215	10
644257	LOC644257	17
644378	GCNT6	6
644504	LOC644504	X
645100	LOC645100	12
645263	LOC645263	15
645984	LOC645984	10
646014	LOC646014	17
646767	LOC646767	7
646836	LOC646836	2
646865	LOC646865	4
646951	FAM188B2	3
647020	LOC647020	15
649238	LOC649238	X
649330	HNRNPCL3	1
649783	LOC649783	6
649935	LOC649935	2
653380	LOC653380	17
653486	SCGB1C2	17
653541	LOC653541	4
653602	LOC653602	2
654377	CHES1L1	18
724066	ATXN8	13
727961	LOC727961	18
728100	LOC728100	3
728375	LOC728375	2
728955	FAM25D	10
729254	LOC729254	2
729268	LOC729268	14
729353	LOC729353	15
729428	GAGE12B	X
729468	LOC729468	2
729545	LOC729545	7
729696	LOC729696	8
729722	LOC729722	15
730394	GTF2H2C_2	5
731467	LOC731467	9
731996	LOC731996	13
780789	C1orf196	1
790969	ZNF705F	8
100033411	DUXB	16
100049579	OCTN3	5
100101629	GAGE8	X
100127971	LOC100127971	12
100127991	LOC100127991	7
100128001	LOC100128001	11
100128088	LOC100128088	11
100128107	LOC100128107	19
100128160	LOC100128160	3
100128170	LOC100128170	20
100128184	LOC100128184	20
100128198	LOC100128198	21
100128265	LOC100128265	X
100128274	LOC100128274	9
100128320	LOC100128320	10
100128348	LOC100128348	16
100128402	LOC100128402	12
100128429	LOC100128429	19
100128430	LOC100128430	13
100128437	LOC100128437	15
100128498	LOC100128498	16
100128517	LOC100128517	6
100128529	LOC100128529	19
100128551	LOC100128551	6
100128571	LOC100128571	17
100128591	LOC100128591	20
100128651	LOC100128651	4
100128668	LOC100128668	20
100128691	LOC100128691	5
100128697	LOC100128697	10
100128795	LOC100128795	7
100128824	LOC100128824	4
100128851	LOC100128851	17
100128950	LOC100128950	3
100129042	LOC100129042	1
100129069	LOC100129069	11
100129112	LOC100129112	17
100129115	LOC100129115	17
100129125	LOC100129125	17
100129126	LOC100129126	7
100129171	LOC100129171	2
100129240	LOC100129240	4
100129275	LOC100129275	3
100129278	TDRD15	2
100129280	LOC100129280	7
100129311	LOC100129311	21
100129322	LOC100129322	6
100129324	LOC100129324	16
100129363	LOC100129363	15
100129380	LOC100129380	12
100129393	LOC100129393	15
100129397	LOC100129397	15
100129399	LOC100129399	6
100129406	LOC100129406	1
100129408	LOC100129408	18
100129447	LOC100129447	12
100129572	LOC100129572	4
100129721	LOC100129721	10
100129763	LOC100129763	4
100129775	LOC100129775	11
100129785	LOC100129785	9
100129840	LOC100129840	15
100129846	LOC100129846	8
100129852	LOC100129852	6
100129884	LOC100129884	13
100129974	LOC100129974	17
100130051	LOC100130051	16
100130057	LOC100130057	16
100130078	LOC100130078	17
100130101	LOC100130101	8
100130175	LOC100130175	10
100130276	LOC100130276	16
100130278	LOC100130278	3
100130314	LOC100130314	16
100130345	LOC100130345	3
100130372	LOC100130372	20
100130433	LOC100130433	9
100130436	LOC100130436	16
100130442	LOC100130442	19
100130463	LOC100130463	13
100130540	LOC100130540	3
100130542	LOC100130542	14
100130560	LOC100130560	15
100130573	LOC100130573	1
100130597	LOC100130597	21
100130654	LOC100130654	17
100130657	LOC100130657	17
100130741	LOC100130741	7
100130761	LOC100130761	2
100130778	LOC100130778	12
100130817	LOC100130817	16
100130857	LOC100130857	15
100130863	ZNF840P	20
100130865	LOC100130865	4
100130920	LOC100130920	10
100130927	LOC100130927	6
100130976	LOC100130976	15
100131000	LOC100131000	17
100131004	LOC100131004	17
100131032	LOC100131032	1
100131034	LOC100131034	14
100131099	LOC100131099	20
100131101	LOC100131101	2
100131129	LOC100131129	16
100131150	LOC100131150	11
100131170	LOC100131170	17
100131190	LOC100131190	21
100131195	LOC100131195	10
100131242	LOC100131242	17
100131303	LOC100131303	16
100131310	LOC100131310	X
100131355	LOC100131355	9
100131581	LOC100131581	8
100131599	LOC100131599	20
100131654	LOC100131654	15
100131719	LOC100131719	10
100131820	LOC100131820	11
100131821	LOC100131821	17
100131822	LOC100131822	17
100131829	LOC100131829	4
100131840	LOC100131840	3
100131860	LOC100131860	15
100131864	LOC100131864	1
100131878	LOC100131878	14
100131894	LOC100131894	12
100131907	LOC100131907	19
100132006	LOC100132006	16
100132025	LOC100132025	15
100132069	LOC100132069	3
100132071	LOC100132071	16
100132197	LOC100132197	17
100132257	LOC100132257	14
100132363	LOC100132363	16
100132365	LOC100132365	14
100132418	LOC100132418	10
100132439	FAM27E4	9
100132474	LOC100132474	19
100132495	LOC100132495	1
100132506	FAM197Y3	Y
100132612	LOC100132612	14
100132800	LOC100132800	19
100132932	FAM197Y9	Y
100133130	LOC100133130	10
100133145	LOC100133145	17
100133941	CD24	6
100134240	LOC100134240	2
100134444	KCNJ18	17
100144878	LRRC53	1
100174949	TRIM59-IFT80	3
100192455	FASA	11
100286963	DEFB109	8
100287798	FAM197Y8	Y
100287837	LOC100287837	11
100287859	FAM197Y6	Y
100287979	TTTY13C	Y
100288072	SDR42E2	16
100288315	LOC100288315	16
100288336	LOC100288336	21
100288465	FAM197Y10	Y
100288675	LOC100288675	X
100288908	LOC100288908	11
100288960	PRSS43	3
100289009	LOC100289009	11
100289058	LOC100289058	13
100289151	DCLRE1CP1	10
100289265	FAM197Y1	Y
100289269	LOC100289269	19
100291323	LOC100291323	X
100293534	C4B_2	6
100294341	LOC100294341	17
100294391	LOC100294391	1
100506242	LOC100506242	1
100506514	LOC100506514	4
100506562	LOC100506562	22
100506667	LOC100506667	9
100507249	C8orf17	8
100507483	LOC100507483	19
100507494	LOC100507494	17
100507703	LOC100507703	6
100507747	LOC100507747	13
100508689	LOC100508689	11
100509072	LOC100509072	2
100509620	LOC100509620	2
100510707	TBC1D3J	17
100528020	FAM187A	17
100532727	DDX11L12	19
100652748	TIMM23B	10
100652775	HP11026	2
100652894	LOC100652894	22
100653049	LOC100653049	17
100653061	LOC100653061	5
100862847	USP17L	4
100873985	MED14OS	X
100887824	DDX11L11	17
100913187	APOBEC3A_B	22
100996461	LOC100996461	2
100996556	CA15P3	22
100996709	LOC100996709	17
100996720	LOC100996720	1
100996721	LOC100996721	1
100996724	LOC100996724	1
100996746	SPDYE11	7
100996747	LOC100996747	17
100996750	LOC100996750	17
100996758	CH17-360D5.1	10
100996761	LOC100996761	1
100996763	LOC100996763	1
100996792	LOC100996792	17
100996813	LOC100996813	17
101060160	DDTP1	3
101060211	CT45A7	X
101060226	NBPF19	1
101060233	LOC101060233	X
101060254	LOC101060254	1
101060275	LOC101060275	16
101060301	HNRNPCL4	1
101060321	LOC101060321	17
101060328	LOC101060328	X
101060351	TBC1D3K	17
101060376	TBC1D3L	17
101060386	LOC101060386	16
101060389	LOC101060389	17
101060399	LOC101060399	16
101060405	LOC101060405	16
101060442	LOC101060442	1
101060443	LOC101060443	12
101060445	LOC101060445	9
101060458	LOC101060458	13
101060521	LOC101060521	16
101060580	LOC101060580	15
101060588	LOC101060588	15
101060596	LOC101060596	16
101060604	LOC101060604	16
101060684	NBPF26	1
101060689	LOC101060689	7
101060696	LOC101060696	7
101234261	LSINCT5	5
101241878	USP17L23	4
101362076	GVQW1	9
101929773	LOC101929773	4
101929796	LOC101929796	1
101929798	LOC101929798	1
101929805	LOC101929805	1
101929806	LOC101929806	10
101929815	LOC101929815	1
101929818	LOC101929818	19
101929839	LOC101929839	22
101929870	LOC101929870	18
101929876	LOC101929876	20
101929895	LOC101929895	5
101929901	LOC101929901	1
101929924	LOC101929924	8
101929926	LOC101929926	2
101929927	LOC101929927	8
101929941	LOC101929941	17
101929950	LOC101929950	17
101929959	LOC101929959	9
101929970	LOC101929970	15
101929983	LOC101929983	1
101929989	LOC101929989	16
101929991	LOC101929991	19
101929998	LOC101929998	7
101930006	LOC101930006	10
101930013	LOC101930013	16
101930023	LOC101930023	12
101930027	LOC101930027	10
101930032	LOC101930032	5
101930047	LOC101930047	2
101930049	LOC101930049	5
101930075	LOC101930075	16
101930085	LOC101930085	7
101930111	LOC101930111	8
101930115	LOC101930115	16
101930119	LOC101930119	10
101930123	LOC101930123	16
101930125	LOC101930125	3
101930145	LOC101930145	11
101930165	LOC101930165	18
101930168	LOC101930168	9
101930169	LOC101930169	1
101930171	LOC101930171	18
101930332	LOC101930332	7
102157402	AK6	5
102288414	C11orf98	11
102723316	LOC102723316	20
102723330	LOC102723330	11
102723360	LOC102723360	21
102723383	LOC102723383	1
102723390	LOC102723390	20
102723415	LOC102723415	4
102723418	LOC102723418	14
102723422	LOC102723422	10
102723451	LOC102723451	21
102723456	LOC102723456	17
102723475	LOC102723475	21
102723502	LOC102723502	15
102723503	LOC102723503	14
102723532	LOC102723532	15
102723534	LOC102723534	15
102723547	CSAG2	X
102723553	LOC102723553	21
102723555	SPDYE16	7
102723566	LOC102723566	9
102723613	LOC102723613	15
102723623	LOC102723623	15
102723631	CT45A10	X
102723643	LOC102723643	3
102723655	LOC102723655	16
102723665	LOC102723665	10
102723680	CT45A9	X
102723713	LOC102723713	16
102723722	LOC102723722	22
102723727	LOC102723727	1
102723728	LOC102723728	16
102723730	LOC102723730	2
102723737	CT45A8	X
102723743	LOC102723743	7
102723750	LOC102723750	15
102723780	LOC102723780	22
102723796	LOC102723796	16
102723805	LOC102723805	17
102723849	SPDYE17	7
102723859	LOC102723859	17
102723872	LOC102723872	7
102723886	LOC102723886	1
102723888	LOC102723888	4
102723897	LOC102723897	1
102723899	LOC102723899	7
102723912	LOC102723912	16
102723930	LOC102723930	16
102723936	LOC102723936	16
102723955	LOC102723955	1
102723971	LOC102723971	9
102723981	LOC102723981	4
102723996	LOC102723996	21
102724014	LOC102724014	16
102724017	LOC102724017	1
102724023	LOC102724023	21
102724052	LOC102724052	16
102724062	LOC102724062	16
102724064	LOC102724064	11
102724101	LOC102724101	16
102724123	LOC102724123	22
102724127	LOC102724127	16
102724135	LOC102724135	15
102724159	LOC102724159	21
102724164	LOC102724164	17
102724175	LOC102724175	17
102724179	LOC102724179	22
102724183	LOC102724183	17
102724184	LOC102724184	21
102724187	LOC102724187	7
102724197	LOC102724197	22
102724200	LOC102724200	21
102724205	LOC102724205	6
102724207	LOC102724207	16
102724219	LOC102724219	21
102724229	LOC102724229	7
102724235	LOC102724235	1
102724237	LOC102724237	9
102724250	LOC102724250	1
102724258	LOC102724258	2
102724279	LOC102724279	19
102724334	LOC102724334	21
102724356	LOC102724356	5
102724371	LOC102724371	12
102724378	LOC102724378	22
102724385	LOC102724385	21
102724398	CH507-42P11.6	21
102724404	LOC102724404	5
102724426	LOC102724426	3
102724427	LOC102724427	19
102724428	LOC102724428	21
102724436	LOC102724436	19
102724441	LOC102724441	21
102724446	LOC102724446	1
102724473	GAGE10	X
102724474	LOC102724474	13
102724485	LOC102724485	16
102724488	LOC102724488	10
102724536	PRR33	11
102724560	LOC102724560	21
102724580	LOC102724580	9
102724594	LOC102724594	21
102724610	LOC102724610	15
102724624	LOC102724624	17
102724631	POTEB3	15
102724642	LOC102724642	2
102724646	LOC102724646	6
102724652	LOC102724652	21
102724657	LOC102724657	5
102724665	LOC102724665	6
102724668	LOC102724668	7
102724694	LOC102724694	19
102724708	LOC102724708	8
102724728	LOC102724728	22
102724730	LOC102724730	16
102724742	LOC102724742	1
102724751	LOC102724751	22
102724770	LOC102724770	22
102724777	LOC102724777	7
102724782	LOC102724782	12
102724788	LOC102724788	22
102724813	LOC102724813	9
102724823	LOC102724823	22
102724828	LOC102724828	11
102724843	LOC102724843	21
102724844	LOC102724844	22
102724862	LOC102724862	17
102724877	LOC102724877	3
102724904	LOC102724904	9
102724908	LOC102724908	19
102724928	LOC102724928	16
102724951	LOC102724951	21
102724957	LOC102724957	11
102724965	LOC102724965	2
102724970	LOC102724970	1
102724984	LOC102724984	16
102724985	LOC102724985	16
102724988	LOC102724988	2
102724991	LOC102724991	X
102724992	LOC102724992	16
102724993	LOC102724993	16
102724994	LOC102724994	5
102724995	LOC102724995	5
102725001	LOC102725001	13
102725009	LOC102725009	5
102725015	LOC102725015	19
102725016	LOC102725016	X
102725017	LOC102725017	22
102725021	LOC102725021	15
102725022	LOC102725022	15
102725023	LOC102725023	19
102725024	LOC102725024	11
102725029	LOC102725029	19
102725031	LOC102725031	19
102725034	LOC102725034	19
102725035	LOC102725035	19
102725043	LOC102725043	10
102725060	LOC102725060	18
102725070	LOC102725070	9
102725072	LOC102725072	22
102725091	LOC102725091	21
102725092	LOC102725092	16
102725104	LOC102725104	9
102725106	LOC102725106	15
102725117	LOC102725117	7
102725121	LOC102725121	1
102725126	LOC102725126	9
102725138	LOC102725138	16
102725144	LOC102725144	13
102725155	LOC102725155	15
102725179	LOC102725179	10
102725191	LOC102725191	7
102725204	LOC102725204	22
102725205	LOC102725205	11
102725207	LOC102725207	10
102725210	LOC102725210	2
102725236	LOC102725236	2
102725241	LOC102725241	10
102800317	LOC400927-CSNK1E	22
103344718	HOTS	11
103344928	KIAA1614-AS1	1
104326056	ZNF511-PRAP1	10
104909134	MGC57346-CRHR1	17
105369139	LOC105369139	19
105369140	LOC105369140	1
105369145	LOC105369145	6
105369146	LOC105369146	7
105369148	LOC105369148	8
105369153	LOC105369153	15
105369154	LOC105369154	16
105369155	LOC105369155	16
105369159	LOC105369159	21
105369169	LOC105369169	2
105369174	LOC105369174	1
105369175	LOC105369175	1
105369176	LOC105369176	11
105369184	LOC105369184	16
105369186	LOC105369186	5
105369188	LOC105369188	22
105369189	LOC105369189	22
105369190	LOC105369190	11
105369191	LOC105369191	22
105369195	LOC105369195	1
105369199	LOC105369199	1
105369200	LOC105369200	9
105369201	LOC105369201	15
105369202	LOC105369202	19
105369204	LOC105369204	6
105369205	LOC105369205	17
105369209	LOC105369209	20
105369212	LOC105369212	15
105369214	LOC105369214	5
105369215	LOC105369215	22
105369216	LOC105369216	9
105369230	LOC105369230	6
105369233	LOC105369233	10
105369236	LOC105369236	16
105369237	LOC105369237	X
105369238	LOC105369238	12
105369239	LOC105369239	16
105369240	LOC105369240	8
105369241	LOC105369241	18
105369243	LOC105369243	16
105369244	LOC105369244	16
105369245	LOC105369245	10
105369246	LOC105369246	16
105369247	LOC105369247	16
105369257	LOC105369257	16
105369258	LOC105369258	10
105369259	LOC105369259	16
105369261	LOC105369261	16
105369264	LOC105369264	10
105369266	LOC105369266	16
105369270	LOC105369270	10
105369271	LOC105369271	16
105369273	LOC105369273	X
105369274	LOC105369274	15
105369275	LOC105369275	22
105369276	LOC105369276	8
105369277	LOC105369277	16
105369280	LOC105369280	3
105369282	LOC105369282	11
105369311	LOC105369311	11
105369316	LOC105369316	11
105369337	LOC105369337	11
105369358	LOC105369358	11
105369425	LOC105369425	11
105369433	LOC105369433	11
105369444	LOC105369444	11
105369445	LOC105369445	11
105369447	LOC105369447	11
105369535	LOC105369535	11
105369546	LOC105369546	11
105369552	LOC105369552	11
105369590	LOC105369590	11
105369591	LOC105369591	11
105369637	LOC105369637	12
105369647	LOC105369647	12
105369660	LOC105369660	12
105369669	LOC105369669	12
105369728	LOC105369728	12
105369729	LOC105369729	12
105369766	LOC105369766	12
105369769	LOC105369769	12
105369834	LOC105369834	12
105369868	LOC105369868	12
105369869	LOC105369869	12
105369889	LOC105369889	12
105369914	LOC105369914	12
105369970	LOC105369970	12
105369971	LOC105369971	12
105369972	LOC105369972	12
105369997	LOC105369997	12
105370036	LOC105370036	12
105370045	LOC105370045	12
105370059	LOC105370059	12
105370098	LOC105370098	13
105370099	LOC105370099	13
105370172	LOC105370172	13
105370199	LOC105370199	13
105370288	LOC105370288	13
105370294	LOC105370294	13
105370295	LOC105370295	13
105370296	LOC105370296	13
105370297	LOC105370297	13
105370298	LOC105370298	13
105370362	LOC105370362	13
105370367	LOC105370367	13
105370368	LOC105370368	13
105370369	LOC105370369	13
105370374	LOC105370374	13
105370378	LOC105370378	13
105370380	LOC105370380	13
105370399	LOC105370399	14
105370548	LOC105370548	14
105370551	LOC105370551	14
105370553	LOC105370553	14
105370554	LOC105370554	14
105370579	LOC105370579	14
105370641	LOC105370641	14
105370649	LOC105370649	14
105370687	LOC105370687	14
105370691	LOC105370691	14
105370705	LOC105370705	14
105370706	LOC105370706	14
105370707	LOC105370707	14
105370708	LOC105370708	14
105370719	LOC105370719	15
105370720	LOC105370720	15
105370748	LOC105370748	15
105370815	LOC105370815	15
105370828	LOC105370828	15
105370838	LOC105370838	15
105370849	LOC105370849	15
105370909	LOC105370909	15
105370929	LOC105370929	15
105370939	LOC105370939	15
105370940	LOC105370940	15
105370941	LOC105370941	15
105370942	LOC105370942	15
105370943	LOC105370943	15
105370945	LOC105370945	15
105370971	LOC105370971	15
105370980	LOC105370980	15
105371026	LOC105371026	15
105371031	LOC105371031	15
105371033	LOC105371033	15
105371034	LOC105371034	15
105371035	LOC105371035	15
105371045	LOC105371045	16
105371063	LOC105371063	16
105371095	LOC105371095	16
105371099	LOC105371099	16
105371112	LOC105371112	16
105371127	LOC105371127	16
105371128	LOC105371128	16
105371130	LOC105371130	16
105371136	LOC105371136	16
105371162	LOC105371162	16
105371164	LOC105371164	16
105371169	LOC105371169	16
105371179	LOC105371179	16
105371184	LOC105371184	16
105371185	LOC105371185	16
105371186	LOC105371186	16
105371187	LOC105371187	16
105371188	LOC105371188	16
105371189	LOC105371189	16
105371191	LOC105371191	16
105371192	LOC105371192	16
105371193	LOC105371193	16
105371215	LOC105371215	1
105371242	LOC105371242	1
105371253	LOC105371253	16
105371346	LOC105371346	16
105371371	LOC105371371	16
105371397	LOC105371397	16
105371405	LOC105371405	1
105371409	LOC105371409	16
105371414	LOC105371414	16
105371417	LOC105371417	16
105371419	LOC105371419	16
105371420	LOC105371420	1
105371424	LOC105371424	1
105371430	LOC105371430	17
105371432	LOC105371432	17
105371437	LOC105371437	1
105371448	LOC105371448	1
105371478	LOC105371478	17
105371486	LOC105371486	17
105371558	LOC105371558	17
105371566	LOC105371566	17
105371591	LOC105371591	17
105371592	LOC105371592	17
105371641	LOC105371641	1
105371697	LOC105371697	1
105371727	LOC105371727	17
105371729	LOC105371729	1
105371730	LOC105371730	17
105371752	LOC105371752	1
105371789	LOC105371789	17
105371810	LOC105371810	17
105371844	LOC105371844	17
105371899	LOC105371899	17
105371905	LOC105371905	17
105371906	LOC105371906	17
105371907	LOC105371907	17
105371910	LOC105371910	17
105371921	LOC105371921	17
105371930	LOC105371930	17
105371931	LOC105371931	17
105371932	LOC105371932	17
105371933	LOC105371933	17
105371934	LOC105371934	17
105371935	LOC105371935	17
105371936	LOC105371936	17
105371937	LOC105371937	17
105371944	LOC105371944	17
105372013	LOC105372013	18
105372014	LOC105372014	18
105372015	LOC105372015	18
105372022	LOC105372022	18
105372109	LOC105372109	18
105372192	LOC105372192	18
105372204	LOC105372204	18
105372231	LOC105372231	18
105372267	LOC105372267	19
105372269	LOC105372269	19
105372271	LOC105372271	19
105372277	LOC105372277	19
105372280	LOC105372280	19
105372285	LOC105372285	19
105372315	LOC105372315	19
105372319	LOC105372319	19
105372328	LOC105372328	19
105372342	LOC105372342	19
105372343	LOC105372343	19
105372344	LOC105372344	19
105372373	LOC105372373	19
105372378	LOC105372378	19
105372382	LOC105372382	19
105372384	LOC105372384	19
105372386	LOC105372386	19
105372387	LOC105372387	19
105372389	LOC105372389	19
105372412	LOC105372412	19
105372417	LOC105372417	19
105372444	LOC105372444	19
105372474	LOC105372474	19
105372476	LOC105372476	19
105372478	LOC105372478	19
105372481	LOC105372481	19
105372483	LOC105372483	19
105372487	LOC105372487	19
105372489	LOC105372489	19
105372490	LOC105372490	19
105372493	LOC105372493	20
105372496	LOC105372496	20
105372559	LOC105372559	20
105372569	LOC105372569	20
105372585	LOC105372585	20
105372682	LOC105372682	20
105372704	LOC105372704	20
105372714	LOC105372714	20
105372715	LOC105372715	20
105372723	LOC105372723	20
105372731	LOC105372731	21
105372811	LOC105372811	21
105372818	LOC105372818	21
105372824	LOC105372824	21
105372834	LOC105372834	21
105372836	LOC105372836	21
105372843	LOC105372843	21
105372844	LOC105372844	21
105372847	LOC105372847	22
105372855	LOC105372855	22
105372867	LOC105372867	22
105372872	LOC105372872	22
105372883	LOC105372883	1
105372911	LOC105372911	1
105372954	LOC105372954	22
105373057	LOC105373057	22
105373071	LOC105373071	22
105373073	LOC105373073	22
105373090	LOC105373090	22
105373091	LOC105373091	22
105373093	LOC105373093	22
105373094	LOC105373094	22
105373099	LOC105373099	22
105373102	LOC105373102	X
105373132	LOC105373132	1
105373133	LOC105373133	X
105373154	LOC105373154	X
105373156	LOC105373156	X
105373157	LOC105373157	X
105373200	LOC105373200	X
105373226	LOC105373226	1
105373237	LOC105373237	X
105373242	LOC105373242	X
105373243	LOC105373243	X
105373244	LOC105373244	X
105373256	LOC105373256	X
105373268	LOC105373268	1
105373274	LOC105373274	1
105373277	LOC105373277	1
105373278	LOC105373278	1
105373280	LOC105373280	1
105373289	LOC105373289	1
105373297	LOC105373297	X
105373311	LOC105373311	X
105373314	LOC105373314	X
105373316	LOC105373316	X
105373347	LOC105373347	X
105373352	LOC105373352	2
105373353	LOC105373353	2
105373356	LOC105373356	2
105373368	LOC105373368	X
105373377	LOC105373377	X
105373380	LOC105373380	2
105373381	LOC105373381	X
105373382	LOC105373382	X
105373386	LOC105373386	X
105373392	LOC105373392	2
105373395	LOC105373395	2
105373397	LOC105373397	2
105373434	LOC105373434	2
105373442	LOC105373442	2
105373468	LOC105373468	1
105373471	LOC105373471	1
105373472	LOC105373472	1
105373474	LOC105373474	1
105373477	LOC105373477	1
105373480	LOC105373480	2
105373489	LOC105373489	2
105373498	LOC105373498	2
105373551	LOC105373551	2
105373602	LOC105373602	2
105373606	LOC105373606	2
105373619	LOC105373619	2
105373759	LOC105373759	2
105373764	LOC105373764	2
105373780	LOC105373780	2
105373800	LOC105373800	2
105373801	LOC105373801	2
105373840	LOC105373840	2
105373926	LOC105373926	2
105373957	LOC105373957	2
105373982	LOC105373982	2
105373983	LOC105373983	2
105373984	LOC105373984	2
105373985	LOC105373985	2
105373986	LOC105373986	2
105373987	LOC105373987	2
105373988	LOC105373988	2
105373989	LOC105373989	2
105373990	LOC105373990	2
105373991	LOC105373991	2
105374013	LOC105374013	3
105374086	LOC105374086	3
105374089	LOC105374089	3
105374091	LOC105374091	3
105374103	LOC105374103	3
105374156	LOC105374156	3
105374250	LOC105374250	3
105374278	LOC105374278	3
105374297	LOC105374297	3
105374299	LOC105374299	3
105374301	LOC105374301	3
105374312	LOC105374312	3
105374313	LOC105374313	3
105374314	LOC105374314	3
105374357	LOC105374357	4
105374372	LOC105374372	4
105374378	LOC105374378	2
105374379	LOC105374379	4
105374380	LOC105374380	4
105374382	LOC105374382	2
105374474	LOC105374474	4
105374537	LOC105374537	2
105374567	LOC105374567	2
105374620	LOC105374620	5
105374638	LOC105374638	5
105374693	LOC105374693	5
105374700	LOC105374700	5
105374752	LOC105374752	5
105374753	LOC105374753	5
105374816	LOC105374816	2
105374860	LOC105374860	2
105374861	LOC105374861	2
105374874	LOC105374874	6
105374908	LOC105374908	6
105374986	LOC105374986	6
105374995	LOC105374995	6
105375003	LOC105375003	6
105375007	LOC105375007	6
105375039	LOC105375039	6
105375057	LOC105375057	6
105375092	LOC105375092	6
105375104	LOC105375104	6
105375105	LOC105375105	6
105375106	LOC105375106	6
105375107	LOC105375107	6
105375108	LOC105375108	6
105375109	LOC105375109	6
105375110	LOC105375110	6
105375112	LOC105375112	7
105375116	LOC105375116	7
105375131	LOC105375131	7
105375205	LOC105375205	7
105375274	LOC105375274	7
105375297	LOC105375297	7
105375302	LOC105375302	7
105375303	LOC105375303	7
105375304	LOC105375304	7
105375305	LOC105375305	7
105375316	LOC105375316	7
105375354	LOC105375354	7
105375355	LOC105375355	7
105375383	LOC105375383	7
105375396	LOC105375396	7
105375433	LOC105375433	7
105375604	LOC105375604	7
105375612	LOC105375612	7
105375620	LOC105375620	7
105375621	LOC105375621	7
105375661	LOC105375661	8
105375667	LOC105375667	8
105375678	LOC105375678	8
105375751	LOC105375751	8
105375807	LOC105375807	2
105375809	LOC105375809	2
105375810	LOC105375810	2
105375816	LOC105375816	8
105375817	LOC105375817	8
105375840	LOC105375840	8
105375861	LOC105375861	8
105375938	LOC105375938	8
105375950	LOC105375950	9
105375975	LOC105375975	9
105376008	LOC105376008	9
105376047	LOC105376047	9
105376056	LOC105376056	9
105376057	LOC105376057	9
105376060	LOC105376060	9
105376066	LOC105376066	9
105376068	LOC105376068	9
105376114	LOC105376114	9
105376141	LOC105376141	9
105376149	LOC105376149	9
105376153	LOC105376153	9
105376194	LOC105376194	9
105376204	LOC105376204	9
105376335	LOC105376335	9
105376336	LOC105376336	9
105376337	LOC105376337	9
105376339	LOC105376339	10
105376341	LOC105376341	10
105376351	LOC105376351	10
105376353	LOC105376353	10
105376432	LOC105376432	10
105376446	LOC105376446	10
105376501	LOC105376501	10
105376502	LOC105376502	10
105376525	LOC105376525	11
105376526	LOC105376526	11
105376531	LOC105376531	11
105376544	LOC105376544	11
105376608	LOC105376608	11
105376667	LOC105376667	11
105376678	LOC105376678	12
105376684	LOC105376684	13
105376685	LOC105376685	13
105376714	LOC105376714	15
105376719	LOC105376719	1
105376731	LOC105376731	15
105376732	LOC105376732	15
105376734	LOC105376734	15
105376746	LOC105376746	16
105376747	LOC105376747	16
105376752	LOC105376752	16
105376777	LOC105376777	16
105376779	LOC105376779	16
105376780	LOC105376780	16
105376785	LOC105376785	16
105376791	LOC105376791	17
105376798	LOC105376798	17
105376811	LOC105376811	2
105376824	LOC105376824	1
105376847	LOC105376847	17
105376849	LOC105376849	17
105376851	LOC105376851	18
105376854	LOC105376854	18
105376855	LOC105376855	18
105376875	LOC105376875	18
105376887	LOC105376887	1
105376900	LOC105376900	19
105376902	LOC105376902	19
105376905	LOC105376905	19
105376906	LOC105376906	19
105376907	LOC105376907	19
105376908	LOC105376908	19
105376909	LOC105376909	19
105376910	LOC105376910	1
105376911	LOC105376911	1
105376917	LOC105376917	19
105376955	LOC105376955	3
105377021	LOC105377021	3
105377131	LOC105377131	3
105377132	LOC105377132	3
105377133	LOC105377133	3
105377134	LOC105377134	21
105377135	LOC105377135	3
105377170	LOC105377170	3
105377189	LOC105377189	22
105377197	LOC105377197	22
105377200	LOC105377200	3
105377206	LOC105377206	3
105377207	LOC105377207	3
105377210	LOC105377210	X
105377267	LOC105377267	4
105377310	LOC105377310	4
105377368	LOC105377368	4
105377532	LOC105377532	4
105377542	LOC105377542	4
105377594	LOC105377594	4
105377595	LOC105377595	4
105377621	LOC105377621	4
105377622	LOC105377622	4
105377623	LOC105377623	4
105377624	LOC105377624	4
105377637	LOC105377637	2
105377638	LOC105377638	2
105377639	LOC105377639	2
105377643	LOC105377643	3
105377650	LOC105377650	3
105377716	LOC105377716	5
105377746	LOC105377746	5
105377771	LOC105377771	5
105377772	LOC105377772	5
105377774	LOC105377774	8
105377777	LOC105377777	8
105377789	LOC105377789	8
105377792	LOC105377792	8
105377802	LOC105377802	8
105377805	LOC105377805	13
105377808	LOC105377808	13
105377813	LOC105377813	3
105377819	LOC105377819	13
105377821	LOC105377821	17
105377825	LOC105377825	17
105377866	LOC105377866	6
105377934	LOC105377934	6
105378056	LOC105378056	6
105378081	LOC105378081	6
105378101	LOC105378101	6
105378105	LOC105378105	6
105378107	LOC105378107	6
105378145	LOC105378145	6
105378146	LOC105378146	6
105378148	LOC105378148	6
105378152	LOC105378152	6
105378158	LOC105378158	6
105378159	LOC105378159	6
105378160	LOC105378160	6
105378161	LOC105378161	6
105378162	LOC105378162	3
105378167	LOC105378167	3
105378168	LOC105378168	3
105378176	LOC105378176	14
105378189	LOC105378189	14
105378190	LOC105378190	14
105378191	LOC105378191	14
105378192	LOC105378192	13
105378193	LOC105378193	13
105378220	LOC105378220	5
105378241	LOC105378241	4
105378242	LOC105378242	4
105378249	LOC105378249	12
105378254	LOC105378254	12
105378260	LOC105378260	21
105378266	LOC105378266	4
105378276	LOC105378276	10
105378283	LOC105378283	10
105378386	LOC105378386	10
105378423	LOC105378423	10
105378479	LOC105378479	10
105378510	LOC105378510	10
105378559	LOC105378559	10
105378564	LOC105378564	10
105378577	LOC105378577	10
105378578	LOC105378578	10
105378579	LOC105378579	10
105378580	LOC105378580	1
105378592	LOC105378592	1
105378594	LOC105378594	1
105378684	LOC105378684	1
105378722	LOC105378722	1
105378775	LOC105378775	1
105378803	LOC105378803	1
105378804	LOC105378804	1
105378828	LOC105378828	1
105378832	LOC105378832	1
105378846	LOC105378846	1
105378862	LOC105378862	1
105378900	LOC105378900	1
105378947	LOC105378947	1
105378948	LOC105378948	1
105378949	LOC105378949	1
105378950	LOC105378950	1
105378951	LOC105378951	1
105378952	LOC105378952	1
105378954	LOC105378954	1
105378955	LOC105378955	11
105378957	LOC105378957	2
105378958	LOC105378958	2
105378979	LOC105378979	5
105378994	LOC105378994	5
105379029	LOC105379029	5
105379045	LOC105379045	5
105379046	LOC105379046	5
105379054	LOC105379054	5
105379072	LOC105379072	5
105379177	LOC105379177	5
105379194	LOC105379194	5
105379197	LOC105379197	5
105379198	LOC105379198	5
105379199	LOC105379199	5
105379200	LOC105379200	5
105379211	LOC105379211	15
105379238	LOC105379238	8
105379247	LOC105379247	8
105379260	LOC105379260	9
105379261	LOC105379261	15
105379272	LOC105379272	14
105379282	LOC105379282	1
105379285	LOC105379285	1
105379287	LOC105379287	4
105379290	LOC105379290	8
105379356	LOC105379356	8
105379398	LOC105379398	8
105379399	LOC105379399	8
105379408	LOC105379408	4
105379411	LOC105379411	11
105379416	LOC105379416	Y
105379425	LOC105379425	3
105379427	LOC105379427	22
105379433	LOC105379433	2
105379443	LOC105379443	9
105379461	LOC105379461	16
105379472	LOC105379472	16
105379473	LOC105379473	16
105379474	LOC105379474	16
105379522	LOC105379522	1
105379532	LOC105379532	16
105379534	LOC105379534	16
105379538	LOC105379538	16
105379539	LOC105379539	16
105379542	LOC105379542	16
105379545	LOC105379545	16
105379547	LOC105379547	16
105379550	LOC105379550	22
105379569	LOC105379569	6
105379570	LOC105379570	6
105379572	LOC105379572	17
105379575	LOC105379575	2
105379587	LOC105379587	8
105379595	LOC105379595	15
105379598	LOC105379598	16
105379606	LOC105379606	22
105379617	LOC105379617	19
105379629	LOC105379629	5
105379630	LOC105379630	5
105379641	LOC105379641	6
105379645	LOC105379645	19
105379648	LOC105379648	6
105379650	LOC105379650	19
105379652	LOC105379652	6
105379654	LOC105379654	6
105379658	LOC105379658	6
105379660	LOC105379660	6
105379662	LOC105379662	19
105379665	LOC105379665	6
105379667	LOC105379667	6
105379672	LOC105379672	13
105379681	LOC105379681	5
105379689	LOC105379689	1
105379699	LOC105379699	6
105379702	LOC105379702	6
105379704	LOC105379704	6
105379707	LOC105379707	6
105379716	LOC105379716	6
105379727	LOC105379727	7
105379728	LOC105379728	7
105379734	LOC105379734	7
105379735	LOC105379735	7
105379739	LOC105379739	7
105379752	LOC105379752	7
105379760	LOC105379760	8
105379762	LOC105379762	8
105379770	LOC105379770	8
105379779	LOC105379779	8
105379785	LOC105379785	8
105379786	LOC105379786	8
105379798	LOC105379798	9
105379799	LOC105379799	9
105379800	LOC105379800	9
105379829	LOC105379829	9
105379836	LOC105379836	9
105379840	LOC105379840	9
105379842	LOC105379842	9
105379857	LOC105379857	10
105379861	LOC105379861	10
105379865	LOC105379865	10
105379874	LOC105379874	10
105379878	LOC105379878	10
105379886	LOC105379886	11


